Gudalur : 11.497753, 76.493126
Irumbuzhi : 11.074426995810292, 76.10144563768735
22 mile : 11.10208250080421, 76.1219387447942
Kolappuram : 11.065027722301862, 75.92757479373
Mullampara: 11.107808034781062, 76.113786918345
ooty: 11.406386,76.697349
vellila: 11.05296318012813, 76.14980204726399
anakkayam: 11.085889452035355, 76.12307068441712
Enangaparamba(Perimbalam): 11.073997850722224, 76.12069847618854
Othukungal: 11.026244,76.028705

